1654519112267 0.32109364224201997 0
1654519119361 0.005246340599929681 1
1654519126373 0.00045089409924548815 2
1654519133424 4.357110116870899e-05 3
1654519140469 5.442583792103051e-06 4
1654519147703 1.440287471581314e-06 5
1654519154895 1.35684200248809e-06 6
1654519162035 1.5537121584143775e-06 7
1654519169096 1.51110712526914e-06 8
1654519176304 1.1794042276549454e-06 9
1654519183565 8.484907500521111e-07 10
1654519190812 6.454970952525229e-07 11
1654519198023 3.792125311585792e-07 12
1654519205324 2.343900295986856e-07 13
1654519212340 1.6639603317319951e-07 14
1654519219500 1.5344342385503752e-07 15
1654519226543 1.5241288687661837e-07 16
1654519233637 1.5243768231698595e-07 17
1654519240710 1.524448177576687e-07 18
1654519247884 1.524552567389037e-07 19
1654519254949 1.524711628633213e-07 20
1654519262043 1.525147019663109e-07 21
1654519269095 1.526205630000277e-07 22
1654519276306 1.529478230679615e-07 23
1654519283470 1.5411321297165158e-07 24
1654519290715 1.7996713967249888e-07 25
1654519297913 2.32321993593132e-07 26
1654519305008 2.5968677823584587e-07 27
1654519312057 2.522613558824105e-07 28
1654519319112 2.558094805635847e-07 29
1654519326198 2.6303548770556515e-07 30
1654519333403 2.671731651844311e-07 31
1654519340643 2.636058539167152e-07 32
1654519347898 2.718669013290764e-07 33
1654519355092 2.6086458188956386e-07 34
1654519362109 2.5059173623276367e-07 35
1654519369097 2.6774074811442007e-07 36
1654519376140 2.6059019057811384e-07 37
1654519383221 2.6447076939462023e-07 38
1654519390370 2.6278050404471286e-07 39
1654519397440 2.701692442599324e-07 40
1654519404517 2.606756725924697e-07 41
1654519411633 2.6760217761534476e-07 42
1654519418854 2.5224946372759406e-07 43
1654519426064 4.317576315884253e-07 44
1654519433256 0.03009867606994834 45
1654519440421 5.85191879110214e-07 46
1654519447531 4.6104887496323243e-07 47
1654519454582 4.249196593235638e-07 48
1654519461837 4.30862455453207e-07 49
1654519469083 3.979268514919809e-07 50
1654519476370 3.664487743373357e-07 51
1654519483464 3.6502966240625767e-07 52
1654519490470 3.3113419751007456e-07 53
1654519497502 2.979971025638406e-07 54
1654519504703 2.597791156881968e-07 55
1654519511800 2.247937975776715e-07 56
1654519518868 2.0285543538367534e-07 57
1654519525900 1.7932086370464618e-07 58
1654519532949 1.6018586388355516e-07 59
1654519539989 1.553047288922471e-07 60
1654519547209 1.5364063469291976e-07 61
1654519554456 1.5329615260384343e-07 62
1654519561670 1.5360157897248428e-07 63
1654519568918 1.561443149569186e-07 64
1654519576008 1.6754516668981977e-07 65
1654519583041 1.940692921778009e-07 66
1654519590109 0.0003486376878962005 67
1654519597186 0.0031459288446978703 68
1654519604236 1.5464071250903544e-07 69
1654519611288 1.52598356208955e-07 70
1654519618368 1.5243124448716116e-07 71
1654519625536 1.5243559013811137e-07 72
1654519632648 1.5244139206060936e-07 73
1654519639836 1.5245221646864592e-07 74
1654519647007 1.5256274471653343e-07 75
1654519654121 1.5250693328994202e-07 76
1654519661214 1.525187709603415e-07 77
1654519668376 1.5262367119817098e-07 78
1654519675552 1.5271366990532442e-07 79
1654519682629 1.5293467870947097e-07 80
1654519689714 1.5368431765239166e-07 81
1654519696925 1.5486385218821397e-07 82
1654519704054 1.6189556491497115e-07 83
1654519711078 1.75120677056384e-07 84
1654519718140 0.022385031011812714 85
1654519725169 6.090234499858127e-07 86
1654519732279 3.481445638682246e-07 87
1654519739434 3.1389734166475947e-07 88
1654519746702 3.0959170902411515e-07 89
1654519753747 3.050689130574824e-07 90
1654519760773 2.9315769911342214e-07 91
1654519767796 2.7908699703571573e-07 92
1654519774862 2.8009041613019647e-07 93
1654519781926 2.6260330228744523e-07 94
1654519788932 2.415108223767781e-07 95
1654519795964 2.2360098536822191e-07 96
1654519803045 1.9975037092079262e-07 97
1654519810078 1.7743611833509476e-07 98
1654519817125 1.6028279933522072e-07 99
1654519824264 1.556698621243413e-07 100
1654519831504 1.5326056399089793e-07 101
1654519838701 1.532010933544825e-07 102
1654519845771 1.5421305161567035e-07 103
1654519852819 1.6037749836073088e-07 104
1654519859860 0.0015164750112423634 105
1654519866932 1.662194555080987e-07 106
1654519874010 1.524359491895666e-07 107
1654519881057 1.5242899584677617e-07 108
1654519888066 1.524386293567659e-07 109
1654519895145 1.5243482263826992e-07 110
1654519902176 1.524404138990576e-07 111
1654519909196 1.524494499562934e-07 112
1654519916258 1.524547690507916e-07 113
1654519923496 1.5247243217686445e-07 114
1654519930611 1.525132209962976e-07 115
1654519937736 1.5262516117786618e-07 116
1654519944914 1.5278201078672283e-07 117
1654519951976 1.5314290178025657e-07 118
1654519958978 1.5715813729855199e-07 119
1654519966050 1.8806171405572058e-07 120
1654519973238 0.005590630694188348 121
1654519980455 1.0836522836745744e-06 122
1654519987585 2.805654417284975e-07 123
1654519994673 2.690537897649392e-07 124
1654520001888 2.5136032000849796e-07 125
1654520008981 2.499715336743424e-07 126
1654520016028 2.2659955814763323e-07 127
1654520023106 2.0204147415014972e-07 128
1654520030164 1.8312301906142636e-07 129
1654520037217 1.6877923761171588e-07 130
1654520044323 1.597882458810318e-07 131
1654520051368 1.5401608725085224e-07 132
1654520058437 1.5279612129859288e-07 133
1654520065492 1.526780459357724e-07 134
1654520072537 1.5311463275224924e-07 135
1654520079535 1.5306356567634793e-07 136
1654520086562 1.5535066506799922e-07 137
1654520093553 1.6845045868763008e-07 138
1654520100777 2.391391587082126e-07 139
1654520108044 0.008131182715751178 140
1654520115296 2.3067999460035792e-07 141
1654520122533 2.1363952601971549e-07 142
1654520129768 2.0088027051734513e-07 143
1654520137009 1.8344103256673348e-07 144
1654520144255 1.7322258527840972e-07 145
1654520151475 1.6878158805866407e-07 146
1654520158600 1.627289648880037e-07 147
1654520165712 1.56229283888365e-07 148
1654520172755 1.5431977050184286e-07 149
1654520179800 1.5279341189966545e-07 150
1654520186844 1.5258863422218382e-07 151
1654520194022 1.5267855883394078e-07 152
1654520201143 1.5291714271370438e-07 153
1654520208331 1.533741560422186e-07 154
1654520215565 1.5506286031552463e-07 155
1654520222675 1.5858445267724618e-07 156
1654520229833 1.6729914453605943e-07 157
1654520237112 0.009978581454963347 158
1654520244258 5.062389872514395e-07 159
1654520251321 3.9902594158736096e-07 160
1654520258599 3.5941471722189534e-07 161
1654520265865 3.3238694906945196e-07 162
1654520273079 3.069237312884887e-07 163
1654520280261 2.55158183691151e-07 164
1654520287403 2.407209413304301e-07 165
1654520294515 1.9803588875344502e-07 166
1654520301595 1.8980530791168348e-07 167
1654520308640 1.7083316504695744e-07 168
1654520315685 1.5943657057704287e-07 169
1654520322711 1.5514606238298255e-07 170
1654520329739 1.529360879573005e-07 171
1654520336849 1.5276095737704055e-07 172
1654520343946 1.5301500334885532e-07 173
1654520351060 1.5313884057377436e-07 174
1654520358135 1.547502814105428e-07 175
1654520365223 1.581672258623712e-07 176
1654520372406 1.761462175551287e-07 177
1654520379553 0.0063070051691226465 178
1654520386623 1.6087136940967638e-07 179
1654520393703 1.5528577308998592e-07 180
1654520400795 1.5375336764122948e-07 181
1654520407996 1.5334146344514465e-07 182
1654520415165 1.5272318137249386e-07 183
1654520422207 1.5251189725518088e-07 184
1654520429224 1.5245048265910555e-07 185
1654520436288 1.5247247705474366e-07 186
1654520443386 1.524725657873205e-07 187
1654520450605 1.5251239742042345e-07 188
1654520457693 1.5260918704029791e-07 189
1654520464817 1.5266567945104727e-07 190
1654520471878 1.528334593672298e-07 191
1654520478905 1.5368420065442477e-07 192
1654520485972 1.5377476000821843e-07 193
1654520492988 1.5978634780822175e-07 194
1654520500026 0.011963838437799808 195
1654520507130 6.594253286795748e-07 196
1654520514369 4.4783323390440443e-07 197
1654520521591 4.2855491036863925e-07 198
1654520528651 3.976498183888566e-07 199
