1654262341907 0.23143046510289422 0
1654262351757 0.002474341269931756 1
1654262361665 0.00018310803418535216 2
1654262371504 1.6833835010857e-05 3
1654262381275 2.2157604379486883e-06 4
1654262391292 1.0886756096404327e-06 5
1654262401415 1.1761219324415428e-06 6
1654262411674 1.0881682016636863e-06 7
1654262421813 8.132951060384475e-07 8
1654262431992 5.618142495027456e-07 9
1654262441932 3.6763256787741836e-07 10
1654262452013 2.473549924173479e-07 11
1654262462179 1.9205806953692672e-07 12
1654262472198 1.7249398803187432e-07 13
1654262482174 1.6968388297300408e-07 14
1654262788372 1.6949920939168806e-07 15
